0 7381
2 5979
7 5366
9 7271
12 8177
16 4113
24 497
28 2984
34 5959
37 6154
42 2843
45 9445
46 166
48 2818
49 5752
53 2388
55 3104
56 5680
57 2411
58 3970
59 402
60 4324
61 2158
73 9079
74 7846
77 7631
81 497
82 1744
88 6240
92 94
95 8553
97 1641
103 381
106 5516
107 3109
108 2462
109 8923
115 3183
116 1596
117 759
119 8465
121 1361
122 5353
125 250
128 585
134 6735
140 8385
145 5962
146 7093
150 1889
151 1364
152 7871
153 1671
157 4716
159 5543
166 5589
169 2383
171 6594
172 1312
173 6308
174 5156
178 4596
180 1905
181 6608
184 5514
185 833
190 9347
192 2299
197 9466
202 17
205 2373
210 7462
212 5120
214 3320
219 3535
220 6027
221 7717
223 7216
225 4677
226 2101
229 9028
231 1315
233 5703
236 108
238 1894
240 8129
243 3012
247 7214
249 4181
250 3532
251 1493
254 8107
260 6871
261 992
262 1392
264 1932
265 2855
266 7615
272 1269
275 5931
278 7717
280 3965
287 9344
291 246
292 2289
294 6472
297 5787
300 5489
306 5457
308 2516
311 4443
315 2995
317 3302
320 4260
323 6483
326 8304
329 3722
334 1009
339 5282
343 5204
349 2402
350 3444
351 7783
354 1075
356 114
364 4107
366 4473
370 7275
372 2931
377 2869
381 4793
383 5601
384 5889
385 6861
391 4870
393 2662
395 7495
397 4662
402 4336
407 2880
411 3562
414 4627
415 2830
421 7161
422 1605
428 8262
436 6895
439 677
440 6118
442 9228
445 7160
448 2791
449 3628
450 2648
455 1112
457 567
458 3294
461 16
483 1731
492 8616
495 2048
499 7780
502 1395
504 3807
505 1599
507 2019
511 3616
515 902
527 3480
530 7758
533 4094
534 2654
536 4648
540 2755
543 2210
544 1507
547 9184
548 3981
549 8129
551 91
554 8029
555 7387
557 3551
562 9423
563 9240
565 1190
566 4266
568 7012
570 8599
574 727
576 1785
578 1707
581 3878
587 4405
591 649
592 1470
593 5860
594 9062
604 6875
607 7494
610 5963
611 949
612 5826
613 4533
615 8697
616 552
617 9453
619 8125
620 4538
623 4599
625 4495
626 1654
627 5211
630 139
633 6549
638 2566
639 6599
643 8900
646 5843
647 3503
650 5333
651 8120
652 7340
660 2566
661 6958
664 6718
669 8789
671 8197
678 8117
680 8348
682 9289
684 8303
686 7769
689 4583
691 4156
692 8939
696 9394
701 7764
702 6170
705 3852
706 5599
707 3401
710 7181
712 2964
713 3238
714 127
715 1851
719 5192
721 5453
725 9033
727 8760
730 636
731 5655
732 5726
733 4838
736 7541
740 3443
741 3286
745 5931
746 8617
748 4787
749 5062
751 3473
753 8435
755 1358
759 8428
761 5405
765 1546
766 8119
767 9533
768 7014
772 4279
776 2111
780 5209
785 1874
787 940
788 566
791 8066
793 3183
796 9394
799 2246
800 2210
801 7973
804 4243
806 7642
808 3131
812 2360
816 4704
817 2302
820 6319
824 6928
826 5574
827 4578
829 9344
830 2737
838 8966
839 2054
840 6047
841 648
847 2148
848 7319
849 3034
851 7769
855 7547
856 7916
860 5854
861 9192
862 7029
864 7647
867 4722
871 4875
873 8249
874 4959
875 5289
879 1749
881 8797
882 5726
887 9533
889 1738
894 2206
895 3380
896 395
901 9272
903 4390
904 8509
906 7278
911 1032
919 8182
921 629
922 4851
924 5316
925 967
927 3134
929 3195
931 4642
936 2130
939 2292
940 1438
946 8749
947 8721
948 1341
949 6209
952 9328
954 4390
958 7899
960 9560
964 7701
965 8552
970 970
972 6031
973 948
977 9367
980 8349
981 1984
982 8369
985 8197
988 8080
990 498
993 9240
997 2910
1000 3882
1001 4345
1002 6616
1003 9394
1006 4854
1008 5707
1014 5336
1017 4844
1020 3456
1021 8580
1024 8211
1026 9479
1028 1922
1035 260
1036 355
1038 2548
1046 3246
1048 7516
1051 3751
1052 568
1065 5098
1066 2937
1076 801
1078 5324
1080 8979
1081 1622
1082 6511
1084 6065
1086 6116
1087 3890
1088 1031
1092 6942
1093 6313
1097 3791
1099 6432
1100 3923
1109 2016
1112 3034
1116 8704
1117 6174
1118 8169
1123 6016
1125 8962
1126 7717
1129 6898
1130 1139
1131 1979
1132 8356
1138 845
1140 7595
1142 7343
1144 8788
1147 8186
1154 4307
1160 8292
1163 4065
1165 2409
1166 9095
1167 4138
1170 8267
1171 3288
1173 1164
1181 5876
1184 8854
1185 6787
1186 5714
1190 7380
1193 7621
1198 7382
1199 7474
1200 8565
1201 8803
1202 3421
1206 644
1209 6448
1211 3937
1212 8998
1216 5130
1217 7330
1219 8949
1221 1917
1222 2040
1224 8683
1225 6946
1230 4775
1246 709
1247 7617
1248 1408
1253 8221
1260 473
1263 1933
1268 5742
1269 3206
1271 6153
1272 1438
1274 2052
1276 73
1277 4970
1292 648
1295 9196
1299 4728
1300 5228
1301 6154
1308 8268
1310 3867
1311 6102
1318 808
1319 5460
1320 9207
1322 8317
1324 3770
1326 275
1328 1182
1330 5640
1331 6154
1336 7291
1341 5726
1342 312
1345 445
1347 3607
1349 7811
1351 2265
1352 6537
1356 6123
1361 4438
1363 8079
1371 366
1373 918
1375 2120
1378 6489
1379 8058
1380 1300
1382 2189
1385 5269
1389 5776
1390 205
1392 1996
1394 1921
1397 2658
1402 240
1404 1737
1408 2112
1409 6269
1420 364
1421 4324
1426 8772
1427 1665
1431 5145
1436 4429
1437 2013
1440 1303
1446 4324
1451 1311
1454 2965
1456 8145
1457 3749
1461 4065
1462 3225
1464 1476
1465 1052
1467 5360
1471 6876
1474 6013
1477 8038
1479 1273
1480 7469
1488 7591
1494 3077
1496 8457
1498 7168
1500 6655
1501 1661
1503 1621
1505 5689
1508 8927
1509 6189
1511 394
1522 9313
1524 4429
1533 849
1537 4443
1553 430
1554 2314
1555 2333
1557 3316
1559 1407
1561 98
1562 4723
1563 3993
1565 9326
1567 8006
1572 1315
1574 1616
1576 7237
1579 5046
1580 7422
1589 687
1591 2669
1605 4420
1608 4997
1609 215
1612 6257
1622 4067
1625 5845
1627 3542
1631 2480
1633 2335
1639 8554
1640 6304
1650 900
1651 4197
1652 5814
1654 9286
1656 1252
1659 6844
1662 8967
1663 4568
1667 3450
1668 3453
1669 5353
1672 1860
1674 1489
1676 6089
1677 2226
1678 9194
1680 9031
1686 4629
1687 6462
1691 8365
1692 7531
1693 5656
1698 3523
1700 6979
1701 2068
1705 3876
1706 6470
1707 4292
1711 2577
1712 3646
1715 1857
1716 8759
1717 4785
1719 5974
1722 1918
1723 3607
1728 9059
1729 9231
1730 8742
1731 6124
1733 1590
1734 1300
1735 837
1737 2895
1740 5736
1741 8898
1743 760
1747 1217
1752 9467
1755 5568
1756 8916
1757 8934
1760 6255
1764 8745
1767 3795
1774 3258
1782 2383
1783 8078
1784 6455
1786 6848
1788 6761
1789 2942
1790 2337
1791 4785
1794 7196
1795 571
1796 5831
1799 2219
1801 2797
1802 7212
1803 585
1804 4817
1808 3335
1810 5776
1811 6905
1813 7298
1829 5928
1831 4677
1834 8485
1837 2129
1840 4142
1841 917
1843 4436
1852 3288
1853 7955
1857 2394
1858 9440
1863 2951
1865 1230
1867 1054
1869 8
1870 2360
1872 7724
1873 3060
1877 2495
1880 7565
1884 7498
1886 2788
1888 93
1889 1550
1894 3079
1895 6528
1896 5582
1897 3989
1899 3369
1907 1964
1917 3030
1922 2004
1924 6820
1929 8559
1934 3965
1935 6669
1940 7896
1942 9517
1943 6465
1946 2998
1948 6836
1952 1665
1953 4271
1954 8496
1955 6815
1958 4590
1959 8847
1960 6325
1961 8827
1963 9396
1964 4901
1965 2889
1968 844
1970 3161
1972 5883
1973 7815
1974 853
1982 4099
1984 6
1987 8606
1996 2138
1997 4736
1998 104
2001 1491
2006 9338
2012 5707
2013 9224
2016 4712
2019 570
2022 2938
2023 7093
2028 6374
2031 2491
2033 6462
2045 9053
2051 6445
2052 4230
2057 2841
2060 4539
2069 6433
2071 5172
2074 1322
2075 1912
2077 8224
2078 1679
2080 2877
2082 7209
2092 3003
2097 6398
2098 8665
2101 4452
2102 1445
2103 1912
2104 2665
2105 9528
2107 7108
2108 1390
2109 2130
2114 8572
2116 7919
2127 8979
2130 5656
2133 8866
2134 8896
2135 3855
2136 7379
2139 3324
2140 4082
2141 538
2145 2968
2149 6375
2161 4700
2162 9118
2163 737
2165 2267
2169 8247
2173 6263
2174 8533
2177 7269
2181 889
2188 6534
2190 4802
2201 9211
2202 2169
2206 9094
2208 3282
2211 9451
2212 8185
2213 9556
2214 5782
2215 7507
2221 2443
2223 4682
2231 1049
2233 166
2234 8066
2240 6257
2245 4100
2246 1609
2250 6525
2253 5898
2258 4488
2260 4060
2262 3457
2264 9076
2265 1732
2267 6257
2272 3452
2274 6710
2275 1680
2279 6931
2281 4254
2283 1916
2287 9565
2294 3335
2300 847
2305 6039
2313 9203
2315 4766
2319 170
2324 8175
2326 2743
2327 1151
2330 8979
2332 5353
2334 8530
2345 8931
2346 5724
2348 737
2349 3468
2356 9398
2359 4884
2366 8189
2368 1774
2372 3627
2373 4048
2377 3811
2382 7811
2394 9280
2397 66
2398 5274
2400 1590
2401 4894
2404 2127
2405 3294
2410 1912
2412 1300
2414 2166
2420 5992
2425 1714
2427 1450
2429 5027
2436 7604
2438 7516
2442 2922
2444 7127
2445 7842
2447 8993
2449 5316
2450 4825
2452 70
2453 6147
2454 708
2455 6713
2457 5309
2463 3458
2467 1804
2468 7430
2470 4819
2473 915
2477 4152
2479 8820
2482 6667
2483 167
2487 9509
2495 3154
2498 5216
2499 8659
2500 624
2504 7447
2507 5509
2508 8549
2509 3515
2512 2145
2515 3161
2522 8716
2524 4806
2525 5471
2526 3577
2527 4436
2528 8120
2529 801
2534 4840
2535 6467
2536 1881
2545 6480
2546 3925
2547 6071
2552 5249
2554 6876
2560 3745
2561 5345
2562 4091
2571 6977
2574 4156
2575 6016
2580 5735
2586 1283
2589 4661
2591 9382
2594 2451
2595 6871
2597 6572
2598 4793
2600 458
2601 2620
2603 4156
2606 6525
2607 6772
2612 5971
2618 690
2622 1078
2624 3383
2626 4181
2629 6495
2636 4339
2641 6997
2643 6863
2652 5459
2654 5621
2657 2880
2660 654
2661 5002
2662 3636
2664 4747
2668 3033
2669 7345
2670 5106
2671 5719
2672 5742
2676 6587
2677 9350
2679 1508
2684 8939
2686 6207
2687 4157
2688 2908
2697 8776
2701 267
2702 9318
2705 6066
2708 6074
2711 5119
2712 7053
2715 848
2716 5931
2718 3706
2724 3748
2728 6466
2734 560
2737 7980
2741 5082
2743 1450
2745 6814
2753 8778
2754 1151
2755 1996
2765 3178
2768 9354
2776 48
2778 7071
2779 8803
2784 4456
2785 3398
2788 6820
2791 3953
2794 641
2796 8964
2797 3176
2800 5839
2802 4430
2805 3396
2806 5610
2808 1971
2809 8073
2813 4232
2814 5994
2816 9446
2817 4387
2819 672
2821 16
2822 8512
2823 1424
2824 3078
2832 2651
2834 3185
2835 7512
2837 6849
2838 1748
2839 3810
2840 4109
2841 7312
2843 2457
2845 5141
2848 8341
2849 2853
2850 3063
2853 1590
2855 366
2856 1424
2861 6989
2863 8776
2865 3322
2867 932
2872 9035
2874 1774
2879 3063
2884 5241
2890 3999
2891 1819
2892 6717
2896 8362
2898 5456
2900 2267
2904 4987
2911 7805
2916 6313
2922 5488
2926 7668
2931 5736
2933 6431
2936 6618
2942 6353
2943 2956
2944 3890
2946 179
2947 5456
2953 4156
2955 4376
2956 3453
2957 6852
2958 4564
2961 5706
2963 7697
2965 6810
2967 4525
2978 7615
2980 7420
2982 8900
2989 7273
2991 4773
2993 7769
2994 7789
2998 1407
3000 3545
3001 6221
3004 3136
3008 1939
3010 8166
3011 47
3012 6547
3013 2129
3023 1202
3026 7932
3027 2669
3029 4638
3036 505
3039 2104
3040 9484
3041 3203
3042 5431
3049 3182
3053 8247
3056 2632
3058 6656
3065 7006
3067 7352
3068 4481
3069 104
3070 3180
3071 915
3073 5917
3076 3965
3077 8856
3083 1468
3084 5628
3089 3273
3090 5068
3098 575
3104 7163
3105 5653
3106 9048
3108 7953
3114 8591
3122 4429
3128 4028
3130 277
3135 44
3136 5011
3140 6592
3142 6220
3144 6377
3148 64
3155 2920
3161 7236
3164 2780
3170 3738
3171 2826
3172 6353
3175 1312
3177 5489
3179 1288
3183 6182
3191 2610
3195 8993
3199 8080
3200 1847
3203 6313
3204 7623
3205 3649
3209 2302
3211 8263
3213 2336
3216 3895
3217 434
3220 7679
3225 2989
3226 2153
3228 3220
3230 2461
3233 139
3236 4344
3245 8455
3251 3890
3253 9440
3260 4986
3262 4187
3269 4879
3274 8336
3275 976
3276 3558
3278 3359
3281 215
3282 1797
3284 5390
3287 4191
3288 539
3290 4752
3295 7218
3298 6709
3303 5797
3310 9053
3314 1642
3315 3411
3318 2129
3319 1592
3320 5952
3322 1814
3323 4526
3327 2838
3331 5762
3334 6592
3335 5854
3341 662
3342 4124
3343 5921
3344 8344
3352 4423
3355 672
3361 8029
3364 935
3366 6951
3368 4020
3370 3025
3372 4721
3375 3993
3376 9128
3378 1831
3379 4716
3380 6155
3383 7454
3385 2406
3386 8850
3389 352
3390 6892
3394 152
3397 9232
3399 4797
3404 8344
3406 3556
3408 5848
3412 1220
3414 111
3421 1220
3425 4766
3426 6091
3427 7240
3429 228
3430 1868
3434 6153
3442 8
3445 7126
3451 4878
3454 1928
3459 2817
3464 7519
3468 1035
3469 8501
3470 6116
3475 6381
3477 8987
3478 8003
3484 7937
3485 2782
3491 8057
3492 838
3496 6880
3497 7686
3506 6654
3507 9054
3508 2417
3509 4336
3510 7489
3516 6313
3517 1029
3519 4092
3523 3803
3527 6211
3533 710
3534 6153
3537 3800
3539 8521
3541 4753
3542 8544
3547 5464
3552 7845
3554 3544
3555 1206
3556 5111
3560 261
3561 7229
3563 8095
3564 289
3566 9370
3568 1207
3569 6071
3570 6395
3574 3257
3579 1641
3580 2074
3582 2292
3587 8053
3595 902
3596 8551
3604 1827
3609 6997
3610 3917
3612 8148
3616 7562
3617 82
3618 2092
3621 3196
3622 6582
3623 4604
3624 9440
3628 1639
3629 8583
3630 3342
3638 6528
3641 6154
3642 6625
3647 6082
3650 4520
3652 7474
3653 5751
3654 6833
3660 2688
3663 2831
3664 3298
3666 5058
3668 5336
3672 4554
3674 3859
3678 1423
3680 6198
3685 7000
3687 8027
3689 9390
3693 7334
3695 2990
3696 7004
3699 4797
3701 2803
3702 9166
3712 6369
3713 1337
3714 8854
3720 4899
3730 4841
3732 1637
3737 386
3738 6039
3740 1073
3741 4820
3744 4883
3745 19
3747 194
3749 4703
3750 2738
3751 5741
3756 5333
3758 3992
3760 1260
3761 8309
3763 3494
3768 7757
3770 8487
3771 1853
3774 1480
3776 8215
3784 8638
3792 4609
3793 6237
3797 4661
3801 5338
3803 9447
3806 6144
3820 2173
3822 7773
3823 5974
3827 2965
3832 5203
3835 4271
3838 2987
3840 4965
3841 7021
3843 6617
3851 8438
3852 3144
3854 8196
3857 1468
3859 1904
3860 6894
3862 4165
3863 569
3867 7445
3868 5907
3871 8918
3878 1445
3879 4764
3884 8444
3886 4125
3887 5889
3888 7533
3890 4716
3891 3292
3893 811
3895 6088
3896 8279
3897 9248
3899 6873
3904 2124
3907 8195
3910 2948
3911 8337
3914 3116
3918 7051
3924 3314
3931 4665
3933 2807
3936 7107
3941 389
3942 8282
3948 1224
3949 6225
3951 6622
3952 5351
3960 2504
3963 4797
3964 6905
3966 1332
3972 2418
3974 9062
3978 8097
3984 8082
3988 999
3991 2725
3992 808
3993 5952
3994 7494
3995 2928
3997 7499
3998 1673
4001 6467
4002 8052
4008 3288
4009 234
4010 1895
4012 2963
4014 7916
4016 2250
4019 1066
4020 1969
4024 5719
4025 5831
4034 7163
4036 3196
4039 2446
4041 2012
4046 992
4047 8260
4055 2944
4057 1315
4060 8940
4061 5568
4066 9289
4067 4236
4069 3271
4070 2230
4071 519
4073 6938
4075 7025
4077 6849
4079 4599
4082 60
4083 3285
4084 560
4085 8160
4090 9010
4091 6353
4095 3644
4101 3798
4103 6019
4104 8909
4109 4196
4110 666
4111 7095
4115 9086
4121 5311
4126 7240
4127 915
4132 5544
4135 7368
4141 7230
4143 3683
4144 9155
4146 5286
4147 3982
4152 1928
4153 2912
4154 7774
4156 8635
4157 8724
4161 3563
4164 1538
4172 7454
4182 8698
4187 8657
4188 3138
4189 2630
4190 4520
4193 5548
4194 1640
4198 3767
4200 9418
4202 7320
4206 1432
4208 293
4210 618
4212 3991
4216 2598
4219 3291
4221 267
4222 2597
4223 3071
4226 1576
4227 2411
4229 5803
4231 1690
4236 5613
4241 6488
4243 9358
4244 6482
4246 2450
4248 6345
4253 6183
4254 5558
4255 5713
4257 6599
4265 2968
4268 1237
4269 6512
4271 6885
4274 3423
4279 362
4281 5879
4284 3900
4285 1869
4292 9522
4293 1466
4295 6944
4298 8533
4299 9436
4300 5579
4302 7036
4303 2093
4307 5190
4308 7963
4309 7615
4310 6034
4311 2210
4312 4349
4320 7178
4321 6018
4331 2402
4332 9418
4333 3021
4334 646
4337 4097
4338 1982
4340 5111
4355 5333
4357 4888
4358 6756
4359 5089
4360 9035
4362 3386
4365 7323
4368 4688
4371 7611
4372 5842
4374 2974
4375 8852
4376 5798
4380 3307
4383 1650
4385 2446
4391 1953
4396 4426
4397 5486
4401 3196
4403 7282
4404 9241
4408 7764
4410 1382
4413 3621
4418 9555
4423 6633
4426 5143
4430 8074
4431 1562
4432 4249
4435 1981
4441 666
4446 2062
4450 1101
4451 2984
4459 4648
4460 6225
