20 2068
35 993
65 3138
76 3148
84 3097
94 3174
105 3198
106 2174
108 3217
111 3211
115 3183
121 3180
123 3182
139 3207
140 3228
141 3253
159 3251
169 3267
172 3272
193 2269
194 2270
198 284
214 3320
245 3367
267 3358
279 3404
304 3419
305 3450
311 3453
329 3460
330 3461
350 3468
354 3481
358 3517
384 3539
400 3573
425 3557
433 3534
437 3554
438 3555
439 3559
440 3560
454 3600
459 3564
461 3575
478 3592
488 3724
495 3666
497 3612
503 3610
514 3334
550 3777
572 3703
581 3809
600 3723
601 3722
619 3748
624 3754
637 3744
676 3781
700 3271
752 775
765 4209
788 3894
815 3950
823 3960
848 4010
861 4011
876 4038
916 4164
935 967
963 4066
974 4194
975 4157
976 4156
1035 4202
1059 4199
1159 4271
1178 4284
1181 4291
1182 4292
1183 4303
1214 4308
1221 4325
1315 4661
1344 4411
1366 4430
1379 4439
1380 4440
1428 4478
1456 4507
1458 4498
1480 4525
1481 4526
1493 3025
1514 4548
1520 4533
1624 4632
1647 3404
1661 4680
1672 5492
1687 4306
1715 5568
1718 5083
1743 4789
1746 4785
1747 4801
1760 4806
1762 4815
1763 4817
1772 4823
1774 5849
1778 4824
1791 4845
1792 4846
1793 4856
1819 4874
1821 4882
1825 4892
1834 4906
1839 4911
1851 4923
1853 4917
1875 5849
1883 5853
1892 4981
1897 4950
1910 4974
1926 4987
1951 5030
1988 5056
1997 5067
2003 5073
2005 5081
2036 5608
2038 5148
2054 5157
2076 5191
2079 5193
2088 5214
2093 5199
2100 5211
2103 6796
2117 5224
2142 5250
2147 5246
2159 5267
2164 5256
2178 1999
2181 6190
2195 5280
2212 5333
2228 5309
2239 5315
2245 5343
2254 5339
2258 5337
2265 5367
2266 5369
2284 5355
2325 5428
2335 5444
2349 5450
2365 5453
2367 5443
2391 5467
2408 6391
2421 6401
2463 5601
2467 5568
2488 6441
2494 5557
2502 5571
2507 5597
2553 5644
2554 6484
2558 6483
2564 4815
2565 5670
2566 4817
2567 6486
2568 6487
2579 5681
2580 5151
2600 6525
2606 6525
2619 5703
2629 6530
2634 5763
2647 5769
2658 6544
2659 6545
2692 5819
2698 4905
2704 5790
2725 5804
2748 6584
2761 5832
2762 5833
2765 5867
2766 5868
2776 5608
2790 5883
2791 5141
2793 5909
2794 6614
2796 5917
2801 4986
2802 2844
2817 5884
2861 5959
2873 5997
2876 5972
2890 6690
2892 6683
2894 4698
2908 5969
2917 6037
2921 6030
2924 6720
2932 6026
2933 6027
2938 6485
2943 6054
2969 6042
2971 6745
2973 5234
2987 5141
2988 6070
2995 5141
3006 6765
3056 5207
3064 2625
3073 6157
3074 6158
3075 6149
3076 6150
3093 6177
3105 6195
3117 6207
3118 6206
3119 6198
3151 6231
3152 6232
3194 6349
3206 6355
3217 6608
3220 5392
3243 4988
3248 6411
3250 6418
3260 6427
3265 4330
3286 6443
3287 6441
3324 6487
3326 6528
3342 6516
3348 6530
3352 6556
3371 6547
3376 5521
3377 5455
3388 6608
3424 6602
3428 5141
3436 6659
3445 6680
3447 6646
3452 4988
3479 5532
3500 6741
3508 4988
3517 6042
3531 6783
3581 6862
3583 6856
3597 6837
3598 6838
3616 6868
3618 6869
3622 6883
3651 6905
3681 6932
3702 4153
3796 6988
3810 7782
3816 7787
3831 7809
3834 7016
3838 7496
3865 8196
3876 7864
3882 7227
3888 7475
3890 7602
3899 7867
3907 7619
3919 7564
3923 7562
3938 8218
3939 8219
3952 7868
3977 7706
3999 7709
4012 3092
4013 7714
4032 7787
4065 7886
4111 7475
4121 7969
4127 8214
4207 8002
4260 8115
4276 9385
4307 8148
4313 8835
4317 8666
4338 7475
4363 8307
4369 8317
4375 8852
4390 8311
4392 8259
4396 7162
4400 8302
4409 1635
4435 346
